1000
44.32
45.71
96.87
28.92
57.46
57.41
77.74
4.36
48.80
47.47
55.62
10.10
97.21
86.80
71.27
4.16
97.10
26.46
60.10
65.71
85.55
34.47
30.14
32.21
35.03
71.22
67.96
58.29
51.74
9.87
56.54
95.56
97.97
98.59
93.06
65.33
58.00
31.97
7.27
63.93
44.94
54.40
20.68
54.22
15.25
57.67
95.67
46.62
83.90
23.61
52.28
41.01
11.41
56.44
25.92
59.84
90.17
65.11
33.36
48.98
56.19
8.98
55.37
97.51
40.90
86.25
2.40
28.91
13.72
60.70
81.52
27.77
52.28
86.85
43.61
16.49
75.28
4.01
48.81
6.95
53.74
82.00
94.41
97.90
90.19
51.12
94.98
21.04
71.12
40.94
40.73
47.71
19.86
41.33
47.75
50.68
36.98
72.37
22.75
88.57
98.81
8.20
74.59
79.78
31.53
70.69
26.26
17.26
48.49
35.63
59.28
64.03
24.06
89.22
75.37
86.83
74.70
11.84
36.13
33.79
72.48
81.06
44.60
11.04
75.23
33.15
21.22
85.18
63.14
19.67
87.45
33.72
42.02
83.70
24.72
45.57
3.61
26.08
57.25
38.62
46.35
15.63
14.13
87.82
4.11
49.57
75.77
75.23
63.22
15.71
71.95
88.67
17.95
72.44
88.55
76.03
76.35
1.77
37.25
5.20
61.13
90.21
48.92
60.43
5.79
92.10
47.43
25.35
14.18
93.89
41.29
86.32
58.13
37.70
36.18
5.39
25.17
3.05
10.73
93.66
98.66
5.41
79.01
2.68
14.11
29.29
24.28
10.04
64.91
2.14
31.15
57.97
58.55
14.99
53.23
79.86
43.94
16.08
31.62
66.16
79.98
57.79
61.56
52.63
2.50
54.00
62.05
14.37
87.40
2.14
7.02
53.27
78.47
88.36
38.39
72.48
14.79
11.93
96.66
94.90
19.77
1.00
61.59
73.72
90.97
94.24
42.73
82.41
93.63
40.89
81.26
70.36
81.27
38.74
75.10
56.45
5.43
10.55
53.84
64.53
82.72
96.88
71.50
50.12
97.73
13.77
44.55
20.16
23.58
74.84
9.78
64.33
63.79
93.37
73.64
80.41
1.92
35.42
43.56
95.45
32.61
45.40
60.48
67.31
55.66
5.37
8.76
25.36
16.84
67.13
45.23
21.15
38.92
78.62
53.34
49.08
31.63
24.05
75.93
41.80
52.78
11.98
72.70
50.90
50.39
11.78
55.76
26.45
20.67
80.55
50.05
44.77
21.97
8.62
21.08
92.63
98.70
23.94
47.18
51.38
59.61
83.04
62.90
30.74
65.44
19.83
93.16
17.46
69.39
2.03
49.36
49.11
3.67
59.97
33.13
95.18
42.32
25.83
45.21
36.87
73.46
46.46
91.81
65.23
80.04
80.11
61.84
47.09
61.50
20.87
44.35
48.77
56.50
76.70
78.91
63.34
92.53
28.80
79.30
25.99
58.65
79.94
38.89
11.12
90.47
0.44
60.19
32.34
82.58
80.23
57.52
14.44
69.19
55.06
45.95
17.38
90.54
59.14
24.02
33.33
45.33
15.84
11.12
99.63
7.58
89.49
31.94
47.31
9.20
66.79
10.95
70.48
91.47
74.93
70.94
38.32
84.31
36.71
11.77
20.31
17.33
39.04
58.25
73.93
32.82
22.33
6.70
32.15
4.61
45.50
97.92
19.51
77.09
9.09
76.48
70.60
36.96
12.32
24.59
61.61
9.82
78.27
64.44
95.39
18.38
13.51
31.13
25.28
37.10
68.39
7.56
56.86
4.95
38.83
82.35
66.61
60.89
13.13
58.48
94.60
7.76
1.47
13.26
29.24
52.13
31.32
70.50
17.72
75.33
10.33
50.83
25.68
73.62
59.16
44.02
52.64
39.86
92.10
71.10
95.62
64.67
51.88
29.42
18.90
21.05
24.60
28.51
16.70
35.45
18.16
49.93
39.72
66.65
18.79
34.75
81.99
63.04
60.21
1.86
10.72
30.28
42.10
39.82
90.59
60.38
65.93
35.29
80.22
54.13
2.95
89.47
98.85
91.60
38.09
60.59
37.94
99.55
38.14
7.64
46.44
12.45
50.19
99.19
55.38
41.85
42.72
13.33
80.57
95.00
72.79
26.55
13.18
37.07
18.77
90.16
86.34
36.27
40.77
13.68
59.64
60.53
96.51
87.00
55.85
2.26
15.01
14.19
73.65
43.68
56.41
49.21
48.48
38.83
81.06
94.88
4.09
16.86
12.32
64.06
25.06
7.51
63.67
89.11
3.63
6.72
39.25
34.27
22.78
83.23
52.63
13.67
35.13
60.09
93.63
92.73
95.49
71.09
58.69
15.98
7.48
47.05
30.11
94.44
5.30
13.84
33.17
29.66
52.96
42.57
61.02
37.49
31.94
97.04
39.77
9.69
11.49
33.33
23.82
10.54
81.01
91.47
3.38
23.96
39.22
23.41
98.89
50.31
32.19
58.46
49.41
60.40
42.33
63.28
64.46
79.78
70.54
17.79
40.62
81.60
73.75
55.31
12.36
63.97
59.59
66.66
13.58
63.39
63.18
70.64
77.53
62.37
2.64
84.47
56.39
69.38
56.54
1.34
72.85
35.32
76.86
47.55
49.88
50.90
9.43
84.68
48.30
78.93
49.96
6.65
29.47
12.36
14.41
54.87
65.16
84.36
81.85
45.66
49.67
21.20
88.05
31.01
63.61
35.20
25.55
56.51
34.84
25.75
57.52
87.82
69.71
14.68
39.26
16.17
44.66
46.29
1.45
42.47
74.39
10.22
20.21
37.19
17.46
50.43
62.67
66.91
25.36
55.14
60.45
75.43
71.44
88.68
77.29
70.87
41.46
36.52
37.20
81.70
57.76
64.80
94.06
92.56
91.77
87.02
83.63
38.59
25.63
30.04
71.50
66.15
28.80
24.27
87.28
60.47
10.47
33.15
70.23
93.20
43.71
99.58
55.38
53.21
77.74
45.53
90.18
33.71
38.77
78.88
10.11
60.29
71.22
74.97
55.61
0.79
97.99
75.82
48.68
64.05
65.04
46.43
30.57
90.91
84.86
1.51
50.92
62.61
24.68
71.87
54.11
70.70
68.37
88.34
1.00
83.67
73.84
71.66
27.27
39.54
64.00
86.14
36.97
10.74
23.21
69.98
91.43
6.38
5.31
89.32
68.23
7.71
39.30
23.35
88.73
34.24
93.53
37.61
76.13
86.47
49.85
73.55
72.03
84.55
94.99
66.04
5.95
62.95
22.40
59.94
67.23
13.41
34.93
35.55
24.91
23.61
90.17
68.05
99.02
65.19
65.22
28.85
51.98
20.75
78.98
71.17
43.14
11.40
91.00
74.93
70.06
76.77
5.03
98.91
82.25
70.71
98.11
69.18
23.79
2.09
75.99
89.47
14.10
87.27
68.10
51.10
81.01
87.58
34.33
92.60
57.03
64.30
51.34
6.77
79.52
91.58
54.79
66.67
7.93
38.27
9.78
52.12
33.30
93.46
20.78
30.75
6.63
98.77
35.74
13.76
77.00
98.65
51.52
30.41
88.59
51.76
46.76
61.17
99.97
55.30
4.49
25.55
86.72
86.08
41.97
82.57
95.81
66.85
8.43
66.81
94.26
1.17
81.56
61.78
58.28
87.96
82.13
77.65
63.91
71.19
56.39
17.07
60.98
35.73
32.62
72.14
36.04
42.14
19.35
51.12
21.41
84.69
23.61
64.84
35.86
7.20
75.42
63.82
27.92
28.19
8.44
85.63
43.44
28.22
22.71
46.85
44.72
74.25
11.16
76.88
51.15
42.68
45.92
40.54
11.02
44.43
61.91
77.38
80.40
97.11
55.05
25.96
61.15
7.22
0.18
29.57
75.25
82.33
11.17
72.24
97.42
62.73
70.51
76.32
70.23
72.14
82.97
74.26
84.47
75.96
26.53
82.93
50.18
16.55
76.41
60.49
37.38
3.80
27.11
57.13
17.87
97.69
26.29
94.24
66.37
99.74
8.11
50.21
4.09
4.53
14.00
34.56
59.37
92.55
59.16
84.43
55.93
79.02
11.00
41.79
38.11
46.62
94.65
0.90
51.38
65.58
67.45
36.40
5.60
47.18
54.31
59.97
83.92
64.97
11.90
31.34
52.15
31.65
17.75
92.29
38.61
26.61
94.92
61.30
97.39
64.77
41.97
27.60
30.01
97.68
10.61
75.87
94.90
19.41
8.58
72.95
48.55
50.67
63.64
67.73
9.12
16.17
16.15
46.20
60.19
1.09
76.28
95.18
69.61
8.24
16.16
18.49
33.06
96.66
0.28
33.14
37.14
48.42
44.04
49.57
62.47
11.39
32.30
4.27
7.58
52.85
64.09
32.11
30.34
23.53
97.31
40.51
22.07
